431
246
979
399
487
51
71
95
13
216
141
642
756
158
678
472
645
664
757
913
840
868
224
988
145
538
6
392
821
378
371
931
707
947
428
898
270
196
229
582
839
169
712
183
420
782
983
419
695
511
19
918
466
151
57
42
389
440
369
215
785
770
339
40
236
226
492
660
422
825
710
357
14
176
636
73
337
714
240
189
725
444
693
800
533
694
223
859
26
356
999
187
258
778
525
708
735
724
21
92
815
261
760
647
701
594
289
808
585
567
813
613
544
456
616
793
659
117
445
149
144
253
845
302
671
802
386
653
243
945
849
740
23
927
307
677
625
885
516
980
256
185
132
803
199
801
715
877
509
909
276
881
233
667
860
752
742
626
648
569
657
540
416
615
463
7
217
76
875
737
655
527
967
906
969
254
319
346
611
287
264
89
366
377
633
275
528
139
363
783
436
301
248
209
675
650
407
252
142
493
502
332
817
593
522
44
429
624
230
549
662
279
765
485
984
561
292
823
490
227
534
658
47
888
245
260
125
904
251
761
513
197
926
200
207
31
606
553
333
956
716
318
587
174
179
600
638
343
274
25
5
91
912
950
754
351
691
81
329
938
557
772
116
663
774
311
820
344
123
441
867
467
54
30
623
635
703
810
291
220
349
450
652
326
924
496
991
921
111
640
897
286
365
566
16
629
609
940
133
943
449
631
310
80
948
182
448
62
98
899
52
247
61
285
244
348
721
919
989
812
858
213
464
661
986
56
741
942
425
524
746
730
786
685
504
937
101
954
205
336
750
499
596
880
347
160
8
864
768
446
228
666
489
455
749
618
188
442
167
181
195
249
128
192
241
548
665
605
916
106
690
539
294
887
277
265
171
925
799
886
300
355
838
473
550
273
28
388
604
34
204
994
970
262
231
382
60
70
412
122
788
739
794
683
33
306
706
992
480
928
383
855
323
505
957
373
439
734
317
367
100
147
570
109
628
500
143
651
396
135
901
94
769
298
641
296
649
822
37
322
745
225
973
434
972
848
38
997
190
163
503
890
462
269
194
11
747
290
610
656
211
949
963
165
632
238
278
743
968
84
723
460
219
824
510
982
401
809
767
985
340
105
35
257
811
104
562
908
113
341
173
546
622
1
910
234
816
390
787
4
